# id	left	top	right	bottom	texture_id
[SPRITES]
600001	60	60	70	115	50
600002	80	60	90	115	50
600003	100	60	110	115	50
600004	120	60	130	115	50
600005	140	60	150	115	50
600006	160	60	170	115	50
600007	180	60	190	115	50
600008	200	60	210	115	50
600009	220	60	230	115	50
600010	240	60	250	115	50

# ani_id	sprite1_id	time1	sprite2_id	time2	...
[ANIMATIONS]
50001	600001	1000
50002	600002	1000
50003	600003	1000
50004	600004	1000
50005	600005	1000
50006	600006	1000
50007	600007	1000
50008	600008	1000
50009	600009	1000
50010	600010	1000