# id	left	top	right	bottom	texture_id
[SPRITES]
#####  BIG ###############
#IDLE
11111	233	69	256	100	0
11121	308	69	331	100	0
11131	236	36	254	67	0
11141	236	3	254	34	0
#WALKLEFT
11212	208	69	231	100	0
11213	258	69	281	100	0
#WALKRIGHT
11222	333	69	356	100	0
11223	283	69	306	100	0
#WALKUP
11232	211	35	229	66	0
11233	261	35	279	66	0
#WALKDOWN
11242	210	3	228	34	0	
11243	261	3	279	34	0
#DASH(NOTE BAT DAU VOI 11141)
11312	285	3	303	34	0
11313	309	6	327	34	0
11314	333	8	355	34	0
11315	359	10	381	34	0
11316	383	20	407	34	0
# ani_id	sprite1_id	time1	sprite2_id	time2	...
###BIG####
[ANIMATIONS]
#IDLE
400	11121	100
401	11111	100
402	11131	100
403	11141	100
#WALKING RIGHT  
500	11121	100	11222	100	11223	100
501	11111	100	11212	100	11213	100
600	11131	100	11232	100	11233	100
601	11141	100	11242	100	11243	100

