# id	left	top	right	bottom	texture_id
[SPRITES]
#####  SMALL ###############
#IDLE
12111	2	29	10	46	0
12121	29	97	38	114	0 
12131	40	46	50	63	0

#WALKLEFT
12212	2	29	10	46	0
12213	29	29	38	46	0
12214	20	29	28	46	0

#WALKRIGHT
12222	2	97	12	114	0
12223	12	97	19	114	0
12224	20	97	29	114	0

#WALKDOWN
12232	56	46	66	63	0	

# ani_id	sprite1_id	time1	sprite2_id	time2	...
###BIG####
[ANIMATIONS]
#IDLE
900	12111	100
901	12121	100
902	12131	100

#WALKING  
910	12111	100	12112	100	12113	100	12114	100
911	12121	100	12222	100	12223	100	12224	100
912	12131	100	12232	100
