# id	left	top	right	bottom	texture_id
[SPRITES]
#IDLE
30100	150	76	165	94	10
#WALKLEFT
31001	89	76	103	94	10
31002	69	76	87	94	10
#WALKRIGHT
32001	150	76	165	94	10
32002	170	76	185	94	10
#WALKUP
33001	130	111	150	127	10
33002	130	92	150	110	10
#WALKDOWN
34001	185	92	204	108	10
34002	185	109	204	128	10
#DIE
35001	219	2	232	26	10
# ani_id	sprite1_id	time1	sprite2_id	time2	...
[ANIMATIONS]
#DIE
2500	35001	1000
#WALKING 
401	30100	100
2100	31001	100	31002	100
2200	32001	100	32002	100
2300	33001	100	33002	100
2400	34001	100	34002	100
