# id	left	top	right	bottom	texture_id
# id	left	top	right	bottom	texture_id
[SPRITES]
#IDLE
30100	88	76	104	94	10
#WALKRIGHT
31001	67	124	82	141	10
31002	86	124	103	141	10
#WALKLEFT
32001	88	76	104	94	10
32002	68	78	85	94	10
#WALKDOWN
33001	50	92	67	106	10
33002	50	110	67	127	10
#WALKUP
34001	104	112	121	127	10
34002	104	91	121	107	10
#DIE
35001	219	2	232	26	10
# ani_id	sprite1_id	time1	sprite2_id	time2	...
[ANIMATIONS]
#DIE
2500	35001	1000
#WALKING 
2100	31001	100	31002	100
2200	32001	100	32002	100
2300	33001	100	33002	100
2400	34001	100	34002	100
