# list of object assets to load in this scene
[ASSETS]
object\jason.txt
object\Blackfoot.txt
object\Sunami.txt
object\Eyelet.txt
object\Bellbomber.txt
object\SmallJason.txt
object\Ground.txt
#
[BACKGROUND]
-2	1	1	2047	2047	30
#
[OBJECTS]
# type	x	y	extra_settings per object type
# type: 0 = Jason	1=Blackfoot	2=Sunami	3=Eyelet	4=Bellbomber
# See OBJECT_TYPE constants in AssetIDs.h

# jason
0	-710	130	10
#BLACKFOOT1-5
1	-550	90	10
1	-320	90	10
1	-110	126	10
1	-10	90	10
1	130	90	10
#SUNAMI6-9
2	688	104	10
2	752	104	10
2	816	104	10
2	880	104	10
#EYELET
3	360	150	10
#BOMB11-13
4	190	190	10
4	200	190	10
4	210	190	10
#GROUND
100	-728	144	20	16	96
100	-664	88	20	112	16
100	-504	72	20	208	16
100	-376	88	20	48	16
100	-320	72	20	64	16
100	-240	88	20	32	16
100	-112	104	20	128	16
100	-56	88	20	16	16
100	0	72	20	96	16
100	72	88	20	48	16
100	136	72	20	80	16
100	200	88	20	48	16
100	272	120	20	32	16
100	368	104	20	64	16
100	464	120	20	32	16
100	528	88	20	32	16
100	624	104	20	64	16
100	688	88	20	32	16
100	752	88	20	32	16
100	816	88	20	32	16
100	880	88	20	32	16
100	944	88	20	32	16

[QUADTREE]
[QUADTREE]
#ID	#PID	#X	#Y	#W	#H	#ObjID
1	0	-1024	-1024	2048	2048	
2	1	-1024	0	1024	1024	
3	1	0	0	1024	1024	
4	1	0	-1024	1024	1024	
5	1	-1024	-1024	1024	1024	
6	2	-1024	512	512	512
7	2	-512	512	512	512	
8	2	-512	0	512	512
9	2	-1024	0	1024	512
10	3	0	512	512	512
11	3	512	512	512	512
12	3	512	0	512	512	29	30	31
13	3	0	0	512	512
14	8	-512	256	256	256
15	8	-256	256	256	256
16	8	-256	0	256	256	3	4	19	20	21	22
17	8	-512	0	256	256	1	2	16	17	18	
18	9	-1024	256	256	256
19	9	-768	256	256	256
20	9	-768	0	256	256	1	14	15	16
21	9	-1024	0	256	256
22	12	512	256	256	256
23	12	768	256	256	256	
24	12	768	0	256	256	7	8	9	32	33	34
25	12	512	0	256	256	6
26	13	0	256	256	256
27	13	256	256	256	256
28	13	256	0	256	256	11	12	13	26	27	28
29	13	0	0	256	256	4	5	11	12	13	22	23	24	25